image0_topic: "/left_r200/camera/color/image_raw"
image1_topic: "/right_r200/camera/color/image_raw"

fx: 554.3826904296875
fy: 554.3826904296875
cx: 320.0
cy: 240.0
k1: 0.0
k2: 0.0
p1: 0.0
p2: 0.0
k3: 0.0
width: 480
height: 360
baseline: .07